+-----------------------------------------------------------------------------------------------------------------------------------------------------------------------------------------------------------------------------------------------------------------------------------+
; Legal Partition Candidates                                                                                                                                                                                                                                                        ;
+------------------------------------------------------------------------------+-------+----------------+--------------+----------------+--------+-----------------+---------------+-----------------+-------+----------------+--------------+------------------+-------------------+
; Hierarchy                                                                    ; Input ; Constant Input ; Unused Input ; Floating Input ; Output ; Constant Output ; Unused Output ; Floating Output ; Bidir ; Constant Bidir ; Unused Bidir ; Input only Bidir ; Output only Bidir ;
+------------------------------------------------------------------------------+-------+----------------+--------------+----------------+--------+-----------------+---------------+-----------------+-------+----------------+--------------+------------------+-------------------+
; inst                                                                         ; 3     ; 12             ; 0            ; 12             ; 24     ; 12              ; 12            ; 12              ; 0     ; 0              ; 0            ; 0                ; 0                 ;
; FilterBank1|filtro9                                                          ; 15    ; 0              ; 0            ; 0              ; 12     ; 0               ; 0             ; 0               ; 0     ; 0              ; 0            ; 0                ; 0                 ;
; FilterBank1|filtro8                                                          ; 15    ; 0              ; 0            ; 0              ; 12     ; 0               ; 0             ; 0               ; 0     ; 0              ; 0            ; 0                ; 0                 ;
; FilterBank1|filtro7                                                          ; 15    ; 0              ; 0            ; 0              ; 12     ; 0               ; 0             ; 0               ; 0     ; 0              ; 0            ; 0                ; 0                 ;
; FilterBank1|filtro6                                                          ; 15    ; 0              ; 0            ; 0              ; 12     ; 0               ; 0             ; 0               ; 0     ; 0              ; 0            ; 0                ; 0                 ;
; FilterBank1|filtro5                                                          ; 15    ; 0              ; 0            ; 0              ; 12     ; 0               ; 0             ; 0               ; 0     ; 0              ; 0            ; 0                ; 0                 ;
; FilterBank1|filtro4                                                          ; 15    ; 0              ; 0            ; 0              ; 12     ; 0               ; 0             ; 0               ; 0     ; 0              ; 0            ; 0                ; 0                 ;
; FilterBank1|filtro3                                                          ; 15    ; 0              ; 0            ; 0              ; 12     ; 0               ; 0             ; 0               ; 0     ; 0              ; 0            ; 0                ; 0                 ;
; FilterBank1|filtro2                                                          ; 15    ; 0              ; 0            ; 0              ; 12     ; 0               ; 0             ; 0               ; 0     ; 0              ; 0            ; 0                ; 0                 ;
; FilterBank1|filtro1                                                          ; 15    ; 0              ; 0            ; 0              ; 12     ; 0               ; 0             ; 0               ; 0     ; 0              ; 0            ; 0                ; 0                 ;
; FilterBank1|filtro10                                                         ; 15    ; 0              ; 0            ; 0              ; 12     ; 0               ; 0             ; 0               ; 0     ; 0              ; 0            ; 0                ; 0                 ;
; FilterBank1                                                                  ; 15    ; 0              ; 0            ; 0              ; 120    ; 0               ; 0             ; 0               ; 0     ; 0              ; 0            ; 0                ; 0                 ;
; PowerComputeBlock1|powerCompute9                                             ; 15    ; 42             ; 0            ; 42             ; 84     ; 42              ; 42            ; 42              ; 0     ; 0              ; 0            ; 0                ; 0                 ;
; PowerComputeBlock1|powerCompute8                                             ; 15    ; 42             ; 0            ; 42             ; 84     ; 42              ; 42            ; 42              ; 0     ; 0              ; 0            ; 0                ; 0                 ;
; PowerComputeBlock1|powerCompute7                                             ; 15    ; 42             ; 0            ; 42             ; 84     ; 42              ; 42            ; 42              ; 0     ; 0              ; 0            ; 0                ; 0                 ;
; PowerComputeBlock1|powerCompute6                                             ; 15    ; 42             ; 0            ; 42             ; 84     ; 42              ; 42            ; 42              ; 0     ; 0              ; 0            ; 0                ; 0                 ;
; PowerComputeBlock1|powerCompute5                                             ; 15    ; 42             ; 0            ; 42             ; 84     ; 42              ; 42            ; 42              ; 0     ; 0              ; 0            ; 0                ; 0                 ;
; PowerComputeBlock1|powerCompute4                                             ; 15    ; 42             ; 0            ; 42             ; 84     ; 42              ; 42            ; 42              ; 0     ; 0              ; 0            ; 0                ; 0                 ;
; PowerComputeBlock1|powerCompute3                                             ; 15    ; 42             ; 0            ; 42             ; 84     ; 42              ; 42            ; 42              ; 0     ; 0              ; 0            ; 0                ; 0                 ;
; PowerComputeBlock1|powerCompute2                                             ; 15    ; 42             ; 0            ; 42             ; 84     ; 42              ; 42            ; 42              ; 0     ; 0              ; 0            ; 0                ; 0                 ;
; PowerComputeBlock1|powerCompute1                                             ; 15    ; 42             ; 0            ; 42             ; 84     ; 42              ; 42            ; 42              ; 0     ; 0              ; 0            ; 0                ; 0                 ;
; PowerComputeBlock1|powerCompute10                                            ; 15    ; 42             ; 0            ; 42             ; 84     ; 42              ; 42            ; 42              ; 0     ; 0              ; 0            ; 0                ; 0                 ;
; PowerComputeBlock1                                                           ; 123   ; 0              ; 0            ; 0              ; 420    ; 0               ; 0             ; 0               ; 0     ; 0              ; 0            ; 0                ; 0                 ;
; inst12|scaler99                                                              ; 58    ; 0              ; 15           ; 0              ; 12     ; 0               ; 0             ; 0               ; 0     ; 0              ; 0            ; 0                ; 0                 ;
; inst12|scaler8                                                               ; 58    ; 0              ; 15           ; 0              ; 12     ; 0               ; 0             ; 0               ; 0     ; 0              ; 0            ; 0                ; 0                 ;
; inst12|scaler7                                                               ; 58    ; 0              ; 15           ; 0              ; 12     ; 0               ; 0             ; 0               ; 0     ; 0              ; 0            ; 0                ; 0                 ;
; inst12|scaler6                                                               ; 58    ; 0              ; 15           ; 0              ; 12     ; 0               ; 0             ; 0               ; 0     ; 0              ; 0            ; 0                ; 0                 ;
; inst12|scaler5                                                               ; 58    ; 0              ; 15           ; 0              ; 12     ; 0               ; 0             ; 0               ; 0     ; 0              ; 0            ; 0                ; 0                 ;
; inst12|scaler4                                                               ; 58    ; 0              ; 15           ; 0              ; 12     ; 0               ; 0             ; 0               ; 0     ; 0              ; 0            ; 0                ; 0                 ;
; inst12|scaler3                                                               ; 58    ; 0              ; 15           ; 0              ; 12     ; 0               ; 0             ; 0               ; 0     ; 0              ; 0            ; 0                ; 0                 ;
; inst12|scaler2                                                               ; 58    ; 0              ; 15           ; 0              ; 12     ; 0               ; 0             ; 0               ; 0     ; 0              ; 0            ; 0                ; 0                 ;
; inst12|scaler1                                                               ; 58    ; 0              ; 15           ; 0              ; 12     ; 0               ; 0             ; 0               ; 0     ; 0              ; 0            ; 0                ; 0                 ;
; inst12|scaler101                                                             ; 58    ; 0              ; 15           ; 0              ; 12     ; 0               ; 0             ; 0               ; 0     ; 0              ; 0            ; 0                ; 0                 ;
; inst12                                                                       ; 436   ; 0              ; 0            ; 0              ; 120    ; 0               ; 0             ; 0               ; 0     ; 0              ; 0            ; 0                ; 0                 ;
; freq_display_                                                                ; 147   ; 8              ; 0            ; 8              ; 21     ; 8               ; 8             ; 8               ; 0     ; 0              ; 0            ; 0                ; 0                 ;
; graph|GRAPH_MEMORY|CIRCULAR_BUFFER                                           ; 24    ; 0              ; 0            ; 0              ; 42     ; 0               ; 0             ; 0               ; 0     ; 0              ; 0            ; 0                ; 0                 ;
; graph|GRAPH_MEMORY|RAM_CIRCULAR_BUFFER|sram|ram_block|auto_generated|mux3    ; 50    ; 0              ; 0            ; 0              ; 12     ; 0               ; 0             ; 0               ; 0     ; 0              ; 0            ; 0                ; 0                 ;
; graph|GRAPH_MEMORY|RAM_CIRCULAR_BUFFER|sram|ram_block|auto_generated|decode2 ; 3     ; 0              ; 0            ; 0              ; 4      ; 0               ; 0             ; 0               ; 0     ; 0              ; 0            ; 0                ; 0                 ;
; graph|GRAPH_MEMORY|RAM_CIRCULAR_BUFFER|sram|ram_block|auto_generated         ; 48    ; 0              ; 0            ; 0              ; 12     ; 0               ; 0             ; 0               ; 0     ; 0              ; 0            ; 0                ; 0                 ;
; graph|GRAPH_MEMORY                                                           ; 25    ; 0              ; 0            ; 0              ; 12     ; 0               ; 0             ; 0               ; 0     ; 0              ; 0            ; 0                ; 0                 ;
; graph|VGA_SYNC                                                               ; 1     ; 2              ; 0            ; 2              ; 24     ; 2               ; 2             ; 2               ; 0     ; 0              ; 0            ; 0                ; 0                 ;
; graph|PIX_DISCR                                                              ; 22    ; 0              ; 0            ; 0              ; 1      ; 0               ; 0             ; 0               ; 0     ; 0              ; 0            ; 0                ; 0                 ;
; graph                                                                        ; 15    ; 0              ; 0            ; 0              ; 3      ; 0               ; 0             ; 0               ; 0     ; 0              ; 0            ; 0                ; 0                 ;
+------------------------------------------------------------------------------+-------+----------------+--------------+----------------+--------+-----------------+---------------+-----------------+-------+----------------+--------------+------------------+-------------------+
